==================实验1==================
矩阵A
-------------Power-------------
最大特征值: 1.02004E+03
特征向量: [6.73587E-01, 1.53845E-01, 1.58867E-01, 6.63544E-01, 1.67698E-01, -1.67698E-01, 2.04570E-02, -2.04570E-02]
误差: 9.44575E+00
用时: 2.50928E+01 ms

-------------Inv Power-------------
最小特征值: 8.93290E-14
特征向量: [4.47214E-02, 8.94427E-02, -8.94427E-02, -4.47214E-02, 6.26099E-01, 6.26099E-01, 3.13050E-01, 3.13050E-01]
误差: 1.09806E-13
用时: 9.78110E+01 ms


矩阵B
-------------Power-------------
最大特征值: 1.75192E+00
特征向量: [6.99515E-01, 4.25999E-01, 3.16977E-01, 2.55523E-01, 2.15278E-01, 1.86578E-01, 1.64947E-01, 1.47992E-01, 1.34310E-01, 1.23017E-01]
误差: 3.34221E-16
用时: 3.24519E+01 ms

-------------Inv Power-------------
最小特征值: 1.18834E-11
特征向量: [-3.51800E-06, 2.76046E-04, -5.27531E-03, 4.27632E-02, -1.81202E-01, 4.41264E-01, -6.39594E-01, 5.44360E-01, -2.50737E-01, 4.81459E-02]
误差: 1.87258E-11
用时: 1.59839E+02 ms


矩阵C
-------------Power-------------
最大特征值: 6.34091E+01
特征向量: [3.99211E-01, 3.92915E-01, 3.80423E-01, 3.61931E-01, 3.37731E-01, 3.08205E-01, 2.73819E-01, 2.35114E-01, 1.92701E-01, 1.47250E-01, 9.94760E-02, 5.01333E-02]
误差: 0.00000E+00
用时: 4.47061E+01 ms

-------------Inv Power-------------
最小特征值: 2.53990E-01
特征向量: [5.01333E-02, -1.47250E-01, 2.35114E-01, -3.08205E-01, 3.61931E-01, -3.92915E-01, 3.99211E-01, -3.80423E-01, 3.37731E-01, -2.73819E-01, 1.92701E-01, -9.94760E-02]
误差: 9.54760E-16
用时: 2.63583E+02 ms


矩阵D
-------------Power-------------
最大特征值: 1.00000E+00
特征向量: [1.00000E+00, 2.43330E-14, -2.59254E-15, -7.23813E-14, 3.52982E-14, -1.55379E-14, 7.45654E-14, -1.01663E-13, -3.66686E-14, -5.98757E-14, -3.45805E-13, 1.63012E-14, 3.10949E-14, 3.08408E-13, 4.60049E-15, 7.60850E-14, -6.08662E-14, -4.70023E-14, 4.16030E-14, 2.30061E-13]
误差: 1.38131E+00
用时: 1.11042E+02 ms

-------------Inv Power-------------
最小特征值: 1.00000E+00
特征向量: [1.00000E+00, -4.12301E-14, 2.00858E-14, 8.11196E-14, 1.48895E-14, -3.10155E-14, -4.57523E-14, 1.30716E-13, 2.05558E-14, 6.74479E-14, 3.56146E-13, -8.79719E-14, -4.49695E-14, -3.94943E-13, -1.02686E-14, -6.52115E-14, 9.71840E-14, 2.36522E-14, -1.71027E-14, -1.81853E-13]
误差: 1.38131E+00
用时: 1.14224E+03 ms


==================实验2==================
矩阵A
-------------Jacobi-------------
特征向量: [-1.02005E+03, -8.42867E-16, 9.80486E-02, 1.00000E+03, 1.00000E+03, 1.01990E+03, 1.02000E+03, 1.02005E+03]
误差: 8.47207E-13
用时: 2.17819E+00 ms

矩阵B
-------------Jacobi-------------
特征向量: [2.00404E-10, 7.47150E-10, 1.22268E-09, 1.22897E-07, 4.72969E-06, 1.28750E-04, 2.53089E-03, 3.57418E-02, 3.42930E-01, 1.75192E+00]
误差: 1.19171E-09
用时: 6.34217E+00 ms

矩阵C
-------------Jacobi-------------
特征向量: [2.53990E-01, 2.66481E-01, 2.89190E-01, 3.25558E-01, 3.81966E-01, 4.70460E-01, 6.15295E-01, 8.70745E-01, 1.37902E+00, 2.61803E+00, 7.12012E+00, 6.34091E+01]
误差: 2.98651E-14
用时: 1.51432E+01 ms

矩阵D
-------------Jacobi-------------
特征向量: [-1.00000E+00, -1.00000E+00, -1.00000E+00, -1.00000E+00, -1.00000E+00, -1.00000E+00, -1.00000E+00, -1.00000E+00, -1.00000E+00, -1.00000E+00, 1.00000E+00, 1.00000E+00, 1.00000E+00, 1.00000E+00, 1.00000E+00, 1.00000E+00, 1.00000E+00, 1.00000E+00, 1.00000E+00, 1.00000E+00]
误差: 3.97361E-15
用时: 4.14653E+01 ms

==================实验3==================
矩阵A
-------------QR-------------
特征向量: [-1.14636E+03, -4.89237E-14, 9.80486E-02, 1.00000E+03, 1.01908E+03, 1.01985E+03, 1.01994E+03, 1.12739E+03]
误差: 1.66859E+02
用时: 7.44612E+01 ms

矩阵B
-------------QR-------------
特征向量: [4.56779E-13, 3.08212E-10, 2.05597E-09, 1.22144E-07, 4.73028E-06, 1.28750E-04, 2.53089E-03, 3.57418E-02, 3.42930E-01, 1.75192E+00]
误差: 1.03661E-09
用时: 4.84109E+00 ms

矩阵C
-------------QR-------------
特征向量: [2.53990E-01, 2.66481E-01, 2.89190E-01, 3.25558E-01, 3.81966E-01, 4.70460E-01, 6.15295E-01, 8.70745E-01, 1.37902E+00, 2.61803E+00, 7.12012E+00, 6.34091E+01]
误差: 1.69494E-09
用时: 2.89548E+02 ms

矩阵D
-------------QR-------------
特征向量: [-1.05251E+00, -1.00000E+00, -8.83989E-01, -6.56035E-01, -5.76783E-01, -5.36301E-01, -5.17984E-01, -3.08984E-01, -9.19909E-02, -5.42959E-02, -5.42959E-02, 3.39116E-01, 3.47689E-01, 3.65516E-01, 5.56771E-01, 6.16914E-01, 7.08904E-01, 7.58928E-01, 1.00000E+00, 1.03933E+00]
误差: 2.41274E+00
用时: 1.94001E+02 ms

矩阵E
-------------QR-------------
特征向量: [-8.97509E+00-9.48522E+00i, -8.97509E+00+9.48522E+00i, -9.35675E-01, -3.64729E-01, 1.43202E-01-5.93676E+00i, 1.43202E-01+5.93676E+00i, 4.01194E-01, 8.62653E-01, 9.97850E-01, 1.04462E+00, 1.07072E+00, 1.12256E+00, 1.14991E+00, 1.17455E+00, 1.24457E+00, 1.34503E+00, 1.35039E+00, 1.41385E+00, 1.42094E+00, 1.44569E+00, 1.44966E+00, 1.45171E+00, 1.45455E+00, 1.46460E+00, 1.48498E+00, 1.48529E+00, 1.49258E+00, 1.49639E+00, 1.51952E+00, 1.52749E+00, 1.53133E+00, 1.53874E+00, 1.54130E+00, 1.55639E+00, 1.55862E+00, 1.57963E+00, 1.63317E+00, 1.65749E+00, 1.67831E+00, 1.75652E+00, 1.78305E+00, 1.82344E+00, 1.84408E+00, 1.85705E+00, 1.88365E+00, 1.93100E+00, 1.95376E+00, 2.06608E+00, 3.10872E+00, 3.81055E+00]
误差: 1.14713E+01
用时: 1.73507E+03 ms

==================实验4==================
11次方程组
-------------QR-------------
方程解: [-1.00000E+00, -5.00000E-01, -1.66667E-01, -8.33333E-02, -2.96985E-14, -2.38698E-14, 8.88178E-15, 1.39055E-14, 3.08364E-14, 6.45595E-14, 7.50000E-01]
用时: 5.24230E+02 ms