==================实验1==================
n: 5
-------------Gauss-------------
[0, 2, 2, 4, 4]
x: [0.9999999999999879, 1.00000000000007, 1.0000000000001183, 0.9999999999993832, 1.000000000000459]
用时: 0.03910064697265625 ms
绝对误差: 1.2762013668066174e-12
相对误差: 2.552402733613235e-11 %

-------------Householder-------------
x: [1.0000000000003557, 0.9999999999934522, 1.0000000000280662, 0.9999999999577325, 1.0000000000206475]
用时: 0.11229515075683594 ms
绝对误差: 9.788470034521879e-11
相对误差: 1.9576940069043758e-09 %


n: 10
-------------Gauss-------------
[0, 2, 7, 7, 4, 9, 7, 9, 8, 9]
x: [0.9999999990954135, 1.0000000776380038, 0.9999983542947577, 1.0000149062956762, 0.9999291061364417, 1.0001944259708704, 0.9996816350152051, 1.000307148615796, 0.9998389814644577, 1.000035366078449]
用时: 0.1499652862548828 ms
绝对误差: 0.0011038485925195518
相对误差: 0.011038485925195518 %

-------------Householder-------------
x: [0.9999999978842182, 1.0000001805085417, 0.9999961905431722, 1.0000343889161565, 0.9998368811339868, 1.0004463931310597, 0.9992703418397725, 1.0007029066329287, 0.9996319758846345, 1.0000807448873028]
用时: 0.8549690246582031 ms
绝对误差: 0.0025292267902050636
相对误差: 0.025292267902050636 %


n: 15
-------------Gauss-------------
[0, 2, 7, 7, 14, 14, 10, 7, 12, 14, 12, 13, 12, 13, 14]
x: [1.000000010282858, 0.9999965493007635, 1.0002011523975667, 0.995504498609542, 1.051081341691447, 0.6617021579164, 2.403237620683442, -2.7667283764252497, 7.524439911586975, -5.853929736369398, 4.263190602731335, 2.2433191589072186, -1.7118813037565521, 2.4862100334571093, 0.7036563098369902]
用时: 0.4210472106933594 ms
绝对误差: 27.943359732625456
相对误差: 186.28906488416973 %

-------------Householder-------------
x: [0.9999998513065851, 1.0000216715865606, 0.9992122523033422, 1.0124175978585195, 0.8953147358467215, 1.5181748695363684, -0.5364388835059567, 3.4732516996465117, 0.32185790950768395, -4.977497312719874, 15.04240183683816, -15.20447857659034, 11.812211772991015, -2.989652452558978, 1.6332030465860565]
用时: 4.014015197753906 ms
绝对误差: 56.983364971454
相对误差: 379.8890998096934 %


==================实验2==================
n: 10
-------------Gauss-------------
x: [1.0, 1.0, 1.0, 1.0, 1.0, 1.0, 1.0, 1.0, 1.0, 1.0]
用时: 0.19097328186035156 ms
绝对误差: 0.0
相对误差: 0.0 %

-------------Householder-------------
x: [0.9999999999999991, 1.0, 0.9999999999999998, 0.9999999999999991, 1.0000000000000007, 1.0000000000000009, 1.0, 1.0000000000000002, 0.9999999999999992, 0.9999999999999993]
用时: 0.8592605590820312 ms
绝对误差: 5.218048215738236e-15
相对误差: 5.218048215738236e-14 %


n: 30
-------------Gauss-------------
x: [1.0, 1.0, 1.0, 1.0, 1.0, 1.0, 1.0, 1.0, 1.0, 1.0, 1.0, 1.0, 1.0, 1.0, 1.0, 1.0, 1.0, 1.0, 1.0, 1.0, 1.0, 1.0, 1.0, 1.0, 1.0, 1.0, 1.0, 1.0, 1.0, 1.0]
用时: 4.514932632446289 ms
绝对误差: 0.0
相对误差: 0.0 %

-------------Householder-------------
x: [0.9999999999999782, 1.0000000000000042, 0.9999999999999987, 0.9999999999999997, 0.9999999999999959, 1.0000000000000009, 1.0000000000000138, 1.0000000000000018, 1.0000000000000024, 1.0000000000000002, 0.9999999999999992, 0.9999999999999981, 0.9999999999999977, 0.9999999999999973, 1.000000000000004, 0.9999999999999991, 1.000000000000001, 0.9999999999999998, 0.9999999999999981, 0.9999999999999986, 0.9999999999999999, 0.9999999999999998, 0.9999999999999978, 1.0000000000000004, 0.9999999999999991, 1.0000000000000002, 1.0000000000000007, 1.0000000000000009, 1.000000000000001, 0.9999999999999953]
用时: 70.75905799865723 ms
绝对误差: 7.949196856316121e-14
相对误差: 2.649732285438707e-13 %


n: 60
-------------Gauss-------------
x: [1.0, 1.0, 1.0, 1.0, 1.0, 1.0, 1.0, 1.0, 1.0, 1.0, 1.0, 1.0, 1.0, 1.0, 1.0, 1.0, 1.0, 1.0, 1.0, 1.0, 1.0, 1.0, 1.0, 1.0, 1.0, 1.0, 1.0, 1.0, 1.0, 1.0, 1.0, 1.0, 1.0, 1.0, 1.0, 1.0, 1.0, 1.0, 1.0, 1.0, 1.0, 1.0, 1.0, 1.0, 1.0, 1.0, 1.0, 1.0, 1.0, 1.0, 1.0, 1.0, 1.0, 0.0, 0.0, 0.0, 0.0, 0.0, 0.0, 1.0]
用时: 30.134916305541992 ms
绝对误差: 6.0
相对误差: 10.0 %

-------------Householder-------------
x: [1.0000000000000093, 1.0000000000000138, 1.0000000000000124, 0.9999999999999984, 0.9999999999999993, 0.9999999999999839, 1.0000000000000024, 1.0000000000000016, 0.9999999999999968, 0.9999999999999984, 1.000000000000015, 1.000000000000008, 0.9999999999999745, 0.9999999999999937, 1.000000000000002, 0.9999999999999997, 1.0000000000000095, 1.0000000000000127, 0.999999999999995, 1.0000000000000029, 0.9999999999999907, 1.0000000000000089, 1.0000000000000042, 1.0000000000000044, 0.9999999999999966, 0.9999999999999883, 0.999999999999997, 0.9999999999999941, 1.0000000000000164, 1.000000000000004, 0.999999999999991, 0.9999999999999998, 1.0000000000000122, 1.0000000000000004, 0.9999999999999912, 0.9999999999999979, 1.0000000000000067, 0.999999999999998, 0.999999999999996, 1.0000000000000042, 1.0000000000000013, 1.0000000000000009, 1.0000000000000002, 1.000000000000004, 0.9999999999999961, 0.9999999999999971, 1.0000000000000022, 0.9999999999999998, 0.9999999999999999, 0.9999999999999973, 0.9999999999999987, 0.9999999999999978, 0.999999999999997, 0.9999999999999981, 0.9999999999999998, 0.9999999999999987, 0.9999999999999969, 0.9999999999999999, 0.9999999999999996, 1.0000000000000362]
用时: 1044.4860458374023 ms
绝对误差: 3.391731340229853e-13
相对误差: 5.652885567049755e-13 %


==================实验3==================
n: 10
-------------Gauss-------------
x: [-0.99609375, -0.9921875, -0.984375, -0.96875, -0.9375, -0.875, -0.75, -0.5, 0.0, 2.99609375]
用时: 0.15616416931152344 ms
残量: 0.0
相对残量: 0.0

-------------Householder-------------
x: [-0.9960937499999997, -0.9921875000000011, -0.9843750000000009, -0.9687499999999993, -0.9375, -0.8750000000000006, -0.7499999999999998, -0.49999999999999933, -1.2266347333468386e-18, 2.9960937499999996]
用时: 0.8649826049804688 ms
残量: 3.580361673049448e-15
相对残量: 9.148077967095412e-16


n: 30
-------------Gauss-------------
x: [-0.9999999962747097, -0.9999999925494194, -0.9999999850988388, -0.9999999701976776, -0.9999999403953552, -0.9999998807907104, -0.9999997615814209, -0.9999995231628418, -0.9999990463256836, -0.9999980926513672, -0.9999961853027344, -0.9999923706054688, -0.9999847412109375, -0.999969482421875, -0.99993896484375, -0.9998779296875, -0.999755859375, -0.99951171875, -0.9990234375, -0.998046875, -0.99609375, -0.9921875, -0.984375, -0.96875, -0.9375, -0.875, -0.75, -0.5, 0.0, 2.9999999962747097]
用时: 3.6041736602783203 ms
残量: 0.0
相对残量: 0.0

-------------Householder-------------
x: [-0.9999999962747037, -0.9999999925494122, -0.9999999850988393, -0.9999999701976804, -0.9999999403953562, -0.999999880790712, -0.9999997615814183, -0.9999995231628446, -0.9999990463256898, -0.9999980926513641, -0.9999961853027326, -0.999992370605466, -0.9999847412109357, -0.9999694824218726, -0.9999389648437527, -0.9998779296875049, -0.9997558593749988, -0.9995117187499996, -0.999023437499999, -0.9980468750000001, -0.9960937499999994, -0.9921875000000003, -0.9843750000000002, -0.9687500000000003, -0.9374999999999997, -0.8749999999999998, -0.7499999999999977, -0.49999999999999634, -3.1401849290656446e-16, 2.9999999962747115]
用时: 68.47882270812988 ms
残量: 4.673287297079403e-14
相对残量: 7.861948154480427e-15


n: 60
-------------Gauss-------------
x: [-1.0, -1.0, -1.0, -1.0, -1.0, -1.0, -1.0, -1.0, -1.0, -1.0, -1.0, -1.0, -1.0, -1.0, -1.0, -1.0, -1.0, -1.0, -1.0, -1.0, -1.0, -1.0, -1.0, -1.0, -1.0, -1.0, -1.0, -1.0, -1.0, -1.0, -1.0, -1.0, -1.0, -1.0, -1.0, -1.0, -1.0, -1.0, -1.0, -1.0, -1.0, -1.0, -1.0, -1.0, -1.0, -1.0, -1.0, -1.0, -1.0, -1.0, -1.0, -1.0, 0.0, 0.0, 0.0, 0.0, 0.0, 0.0, 0.0, 3.0]
用时: 30.048847198486328 ms
残量: 9.0
相对残量: 1.1523319193960637

-------------Householder-------------
x: [-0.9999999999999899, -1.0000000000000182, -1.0000000000000167, -1.0000000000000024, -0.9999999999999931, -0.9999999999999999, -1.000000000000005, -1.0000000000000024, -0.9999999999999953, -0.9999999999999892, -1.0000000000000238, -0.9999999999999906, -0.9999999999999633, -0.9999999999999702, -0.9999999999999449, -0.9999999999998825, -0.9999999999997843, -0.9999999999995519, -0.9999999999990831, -0.9999999999981817, -0.9999999999963586, -0.9999999999927265, -0.9999999999854504, -0.9999999999708977, -0.9999999999417819, -0.999999999883571, -0.9999999997671722, -0.999999999534324, -0.9999999990687133, -0.9999999981373568, -0.9999999962746974, -0.9999999925494155, -0.9999999850988506, -0.9999999701976805, -0.9999999403953528, -0.9999998807907079, -0.9999997615814236, -0.9999995231628446, -0.9999990463256774, -0.9999980926513665, -0.9999961853027373, -0.9999923706054717, -0.9999847412109345, -0.9999694824218731, -0.9999389648437516, -0.9998779296874988, -0.9997558593750004, -0.9995117187500009, -0.9990234374999999, -0.998046875000002, -0.9960937499999978, -0.9921875, -0.9843750000000012, -0.9687500000000006, -0.9375000000000002, -0.8750000000000016, -0.7500000000000012, -0.5000000000000007, -1.1992891253136818e-29, 2.999999999999962]
用时: 1017.9309844970703 ms
残量: 1.7444115848394728e-13
相对残量: 2.1581496387526557e-14